2161:
974577
1570833
768492
2600132
2397283
703916
42123
364773
1014922
371342
162854
698782
1218486
98179
1379358
84274
689868
1509547
1005848
444925
757004
2415395
1270453
1813272
131264
2364666
1428628
2210395
754397
2122498
421399
1560781
2025527
2192180
2353835
181003
974491
2299970
1785710
1496718
376978
603418
120195
2619365
1741303
1767910
75862
1820098
44605
121121
1264755
1858405
2316843
506924
620768
2509360
2284701
859688
1724819
1577623
1498217
999618
1089308
977932
318756
2105442
258170
1792034
1220522
246440
1910274
1840584
1366951
21138
1322432
1936812
1762090
2117797
1823957
89454
1243609
1465014
240269
2560657
1352730
1471593
1309503
1149327
370413
1678297
633649
2359687
2234592
1113651
607432
1895189
768582
1355912
2591763
1758164
371507
236531
882231
2618211
1326511
2276849
54426
1029521
1634136
1926524
286039
1611098
2142851
2193950
2300941
1789618
1623269
2446707
1136724
1178783
2548688
1614626
1297927
906675
1487271
1549795
1700026
2057056
2162:
2370924
1350363
1328941
2351571
983323
1376663
997944
918960
1799651
2091494
1027403
1584031
1523714
637278
912401
2091767
1274452
1504063
1580949
225498
1422871
211802
384217
1583895
974601
214255
1748198
1510471
579814
6037
523726
244630
2364563
1946046
2077581
1904442
525356
1159805
2289265
1993832
1487165
1823926
2327796
2049041
2255783
1333989
415537
141889
1790908
2327482
1975103
1635568
2638328
2090578
842281
28909
1834223
1348876
1507973
23898
299325
1354635
1410317
2119381
2190645
2582088
1566841
1185427
2026473
1842685
1196245
1116748
1754249
1470072
2458815
2492402
2425661
358233
515816
225620
2264927
473817
2102994
345467
2171498
508170
767654
2184066
1703994
1268733
1614571
493470
1944203
2341799
2534110
151085
1724428
1751119
347057
1999694
1590301
1318951
1547481
1335344
1307048
1490439
1670302
1517384
2335515
2166266
79080
2216321
973154
1876880
1250414
1594234
1962174
805717
878633
1589627
98818
2451865
2499806
186244
626318
2121642
1322507
2444313
698174
885930
1790422
1648556
742858
364195
1251584
2014813
892151
843693
673341
1185296
2431434
1447319
1579386
1603734
2357112
537311
55847
2464071
2061744
879128
789255
273383
10397
2068508
879483
692770
885348
1658382
1600753
158528
418873
1035227
1464787
381607
1942787
580815
1954312
1403204
1251258
1753051
1826894
675283
382565
186866
1750046
1906825
2090087
1493601
1077698
1277525
1724244
2053046
46454
2457234
530757
2560523
2352068
1699740
487838
799129
1337988
546804
789068
1807355
1262518
42836
1112164
975194
1843822
187629
1605696
243971
1660439
347605
478143
1971407
2029651
53018
665286
2620552
1948791
1829643
1036278
2474815
1500076
326072
1766978
2185969
1470121
2169161
2640904
1436881
995500
1728035
1816885
1937949
616968
1819874
2409227
1180646
1392817
234958
514515
540812
2484080
1786889
2351622
108456
960609
2387436
2236105
964298
931503
1731862
1259134
155049
1164132
2405922
2020702
2460146
410591
487953
230662
246550
703090
1257698
743632
1636477
553254
775525
1854400
1948818
2183325
2104082
977017
2230694
1256838
538160
2320097
1922190
554428
271085
156699
2583348
1912791
1189643
926564
1333848
2384225
352905
202715
790166
301457
1068204
901257
1470602
2625755
1530570
2623568
2382904
544665
2130601
842610
1136097
2191854
2306910
195102
325458
1450692
984369
914211
948047
543560
15955
1064265
1927459
36399
1825299
666949
1240211
1816318
2229558
1927403
1441796
91356
2455598
1089076
1216438
382584
2246117
2389812
1084229
926432
1243333
2610230
2242286
1508461
648750
1036728
2160024
2543062
987787
2472401
898816
2067357
1113109
2246926
2255187
1210124
1107093
800803
1598067
10520
297910
730409
1191686
1516047
262765
1909657
1552447
1280170
522786
1645471
1739289
1723176
2547458
85649
1705057
36523
2255823
1761925
2604364
946033
1762967
1327721
1956759
1481498
1091754
1424682
2268177
2245405
241267
727481
487996
1870691
1119548
2157183
1563672
1993755
1520214
1437223
1307660
2202369
1462420
2601312
814493
149688
787282
1546524
227972
1924812
2331072
192660
1281018
120792
2163:
1204327
1576428
129093
922636
2390786
1016403
823403
416987
104459
2109584
1811855
2009717
394309
560310
1677611
1279622
637471
286100
1852435
335209
1673262
307917
2560607
817940
705472
253185
1001206
690435
1919639
482106
2236571
284672
688455
1470697
1233169
1014412
631396
1495417
2581988
2392090
2447876
163875
2314879
1502916
1143701
236481
801425
1509808
1938847
88317
720058
1724713
1135509
2470371
2302303
570686
625466
1679684
312397
1761387
269784
1174505
1527878
1555191
127054
694862
2567695
415065
446517
2517606
1951848
1170236
908118
1866638
2061209
730904
85216
2434009
2127217
2258405
829993
2323179
272898
89581
2486844
2116875
1425608
1652205
307516
994949
599038
2033841
767668
682376
2469084
724024
1294335
594244
74122
1258522
2226190
1053877
2127775
451475
513830
2508
2078825
1260796
774269
751141
2312467
862155
2347632
1481954
173010
1941382
1361438
2485361
442677
695836
2226743
1768729
1041678
477222
1943414
274493
206640
2223921
2035386
2303773
672941
2002709
857922
862350
325529
2164:
479954
578452
1326981
316052
1555742
1247939
2120183
1523973
1888748
1690260
1108391
744426
941185
2213052
2282264
869172
788493
1755397
180246
86730
1412735
2610434
657385
1811905
480591
896366
1985808
1950842
2412420
2291721
1072401
1084605
746754
1220482
932734
789645
152206
2321778
2436290
1515278
661176
2068865
204164
2478005
1874567
1425369
554030
1314438
2311102
173571
1546234
1528918
1348177
497033
2225056
2219524
2522937
1958157
2080621
352980
2033304
2588322
1444138
1697520
1297386
1536484
1258107
2628520
1724078
702860
2362887
208569
873149
780640
290031
1349327
1277792
129473
1104427
343954
2489112
815257
1555822
363278
2332797
2411621
1752968
1578534
1684633
2280030
507613
1031117
894879
1340457
2084810
2595820
151795
1407197
702567
862386
1716970
1849790
1420013
388764
1053266
2071438
2002481
256258
189098
388655
632153
2430064
2250748
2564916
1814876
2155744
2527557
655297
1611428
787874
96582
2339023
2165:
2225370
1613383
1887985
2519194
1940801
780768
2166:
930987
232171
2098139
1973244
223727
1641244
925047
1772131
549080
1996930
2610757
182330
1663006
2167:
2252659
1482483
463802
2138388
299512
1873215
1920610
1067619
620036
1747619
2093125
1974751
1686423
1927350
832077
1188149
2533933
2487592
1500237
1944218
28677
1383105
2378005
84352
1643094
665783
2061491
1640325
1288554
975256
1976544
728487
1165586
2593203
2267229
1369138
618236
1420716
1590697
1719039
1129431
2347565
1922441
947769
1465328
1148114
2217985
209823
715109
38059
44257
2395193
434866
872453
651146
1207675
1072945
832620
1817758
525168
2145901
1341353
677344
2635832
1944901
497205
1920632
726262
585461
900303
1399102
1558299
1825276
1353386
1969945
64902
101183
963658
2336457
1071165
2343412
2267476
1308448
1803145
1608906
1668263
448330
2202887
1984775
1014763
1687750
2489373
1299448
701010
2366930
149244
1745281
2134282
1951361
780412
1361390
1919580
175320
1614878
2565417
1099916
1490416
778665
1572158
228464
2012675
1610862
1005944
87817
678645
76514
722769
2212734
2465455
2194547
477114
1319586
550986
1525040
653544
1007754
486662
2552970
782569
2353260
495425
2308561
1727619
49582
1906710
1732669
1553435
18279
1137704
2008584
1630017
2044400
1146731
70432
1136008
1528532
1221342
1593173
1878
473879
2388498
2611492
99906
1330433
452352
1206910
2364964
2004578
2542199
1587694
2148104
1976016
1321104
263413
1469820
440506
506367
1056383
609750
1487139
2210577
1007768
373619
2480647
711458
2136198
1113023
2150982
1370257
1087883
1724039
1835752
1614307
2539985
130019
1363706
968532
1538992
2434243
2554516
2632429
1725831
1279298
270165